image: gen_map.pgm
resolution: 0.200000
origin: [ -17.0000, -24.200, 0.000000]
negate: 0
occupied_thresh: 0.65
free_thresh: 0.16

